# Analysing data contained in file(s) ['example_output/bound/run001/vanish/output/lambda_0.000/simfile.dat', 'example_output/bound/run001/vanish/output/lambda_0.025/simfile.dat', 'example_output/bound/run001/vanish/output/lambda_0.050/simfile.dat', 'example_output/bound/run001/vanish/output/lambda_0.075/simfile.dat', 'example_output/bound/run001/vanish/output/lambda_0.100/simfile.dat', 'example_output/bound/run001/vanish/output/lambda_0.125/simfile.dat', 'example_output/bound/run001/vanish/output/lambda_0.150/simfile.dat', 'example_output/bound/run001/vanish/output/lambda_0.175/simfile.dat', 'example_output/bound/run001/vanish/output/lambda_0.200/simfile.dat', 'example_output/bound/run001/vanish/output/lambda_0.225/simfile.dat', 'example_output/bound/run001/vanish/output/lambda_0.250/simfile.dat', 'example_output/bound/run001/vanish/output/lambda_0.275/simfile.dat', 'example_output/bound/run001/vanish/output/lambda_0.300/simfile.dat', 'example_output/bound/run001/vanish/output/lambda_0.325/simfile.dat', 'example_output/bound/run001/vanish/output/lambda_0.350/simfile.dat', 'example_output/bound/run001/vanish/output/lambda_0.375/simfile.dat', 'example_output/bound/run001/vanish/output/lambda_0.400/simfile.dat', 'example_output/bound/run001/vanish/output/lambda_0.425/simfile.dat', 'example_output/bound/run001/vanish/output/lambda_0.450/simfile.dat', 'example_output/bound/run001/vanish/output/lambda_0.475/simfile.dat', 'example_output/bound/run001/vanish/output/lambda_0.500/simfile.dat', 'example_output/bound/run001/vanish/output/lambda_0.525/simfile.dat', 'example_output/bound/run001/vanish/output/lambda_0.550/simfile.dat', 'example_output/bound/run001/vanish/output/lambda_0.575/simfile.dat', 'example_output/bound/run001/vanish/output/lambda_0.600/simfile.dat', 'example_output/bound/run001/vanish/output/lambda_0.625/simfile.dat', 'example_output/bound/run001/vanish/output/lambda_0.650/simfile.dat', 'example_output/bound/run001/vanish/output/lambda_0.675/simfile.dat', 'example_output/bound/run001/vanish/output/lambda_0.700/simfile.dat', 'example_output/bound/run001/vanish/output/lambda_0.725/simfile.dat', 'example_output/bound/run001/vanish/output/lambda_0.750/simfile.dat', 'example_output/bound/run001/vanish/output/lambda_0.800/simfile.dat', 'example_output/bound/run001/vanish/output/lambda_0.850/simfile.dat', 'example_output/bound/run001/vanish/output/lambda_0.900/simfile.dat', 'example_output/bound/run001/vanish/output/lambda_0.950/simfile.dat', 'example_output/bound/run001/vanish/output/lambda_1.000/simfile.dat']
#Overlap matrix
0.6935 0.2645 0.0393 0.0026 0.0001 0.0000 0.0000 0.0000 0.0000 0.0000 0.0000 0.0000 0.0000 0.0000 0.0000 0.0000 0.0000 0.0000 0.0000 0.0000 0.0000 0.0000 0.0000 0.0000 0.0000 0.0000 0.0000 0.0000 0.0000 0.0000 0.0000 0.0000 0.0000 0.0000 0.0000 0.0000
0.2645 0.4530 0.2336 0.0444 0.0043 0.0002 0.0000 0.0000 0.0000 0.0000 0.0000 0.0000 0.0000 0.0000 0.0000 0.0000 0.0000 0.0000 0.0000 0.0000 0.0000 0.0000 0.0000 0.0000 0.0000 0.0000 0.0000 0.0000 0.0000 0.0000 0.0000 0.0000 0.0000 0.0000 0.0000 0.0000
0.0393 0.2336 0.4195 0.2437 0.0573 0.0062 0.0004 0.0000 0.0000 0.0000 0.0000 0.0000 0.0000 0.0000 0.0000 0.0000 0.0000 0.0000 0.0000 0.0000 0.0000 0.0000 0.0000 0.0000 0.0000 0.0000 0.0000 0.0000 0.0000 0.0000 0.0000 0.0000 0.0000 0.0000 0.0000 0.0000
0.0026 0.0444 0.2437 0.4002 0.2417 0.0590 0.0077 0.0007 0.0000 0.0000 0.0000 0.0000 0.0000 0.0000 0.0000 0.0000 0.0000 0.0000 0.0000 0.0000 0.0000 0.0000 0.0000 0.0000 0.0000 0.0000 0.0000 0.0000 0.0000 0.0000 0.0000 0.0000 0.0000 0.0000 0.0000 0.0000
0.0001 0.0043 0.0573 0.2417 0.3828 0.2343 0.0677 0.0108 0.0010 0.0001 0.0000 0.0000 0.0000 0.0000 0.0000 0.0000 0.0000 0.0000 0.0000 0.0000 0.0000 0.0000 0.0000 0.0000 0.0000 0.0000 0.0000 0.0000 0.0000 0.0000 0.0000 0.0000 0.0000 0.0000 0.0000 0.0000
0.0000 0.0002 0.0062 0.0590 0.2343 0.3666 0.2441 0.0766 0.0116 0.0011 0.0001 0.0000 0.0000 0.0000 0.0000 0.0000 0.0000 0.0000 0.0000 0.0000 0.0000 0.0000 0.0000 0.0000 0.0000 0.0000 0.0000 0.0000 0.0000 0.0000 0.0000 0.0000 0.0000 0.0000 0.0000 0.0000
0.0000 0.0000 0.0004 0.0077 0.0677 0.2441 0.3595 0.2374 0.0699 0.0117 0.0014 0.0001 0.0000 0.0000 0.0000 0.0000 0.0000 0.0000 0.0000 0.0000 0.0000 0.0000 0.0000 0.0000 0.0000 0.0000 0.0000 0.0000 0.0000 0.0000 0.0000 0.0000 0.0000 0.0000 0.0000 0.0000
0.0000 0.0000 0.0000 0.0007 0.0108 0.0766 0.2374 0.3514 0.2282 0.0762 0.0163 0.0023 0.0002 0.0000 0.0000 0.0000 0.0000 0.0000 0.0000 0.0000 0.0000 0.0000 0.0000 0.0000 0.0000 0.0000 0.0000 0.0000 0.0000 0.0000 0.0000 0.0000 0.0000 0.0000 0.0000 0.0000
0.0000 0.0000 0.0000 0.0000 0.0010 0.0116 0.0699 0.2282 0.3384 0.2363 0.0915 0.0201 0.0026 0.0003 0.0000 0.0000 0.0000 0.0000 0.0000 0.0000 0.0000 0.0000 0.0000 0.0000 0.0000 0.0000 0.0000 0.0000 0.0000 0.0000 0.0000 0.0000 0.0000 0.0000 0.0000 0.0000
0.0000 0.0000 0.0000 0.0000 0.0001 0.0011 0.0117 0.0762 0.2363 0.3283 0.2370 0.0891 0.0176 0.0024 0.0003 0.0000 0.0000 0.0000 0.0000 0.0000 0.0000 0.0000 0.0000 0.0000 0.0000 0.0000 0.0000 0.0000 0.0000 0.0000 0.0000 0.0000 0.0000 0.0000 0.0000 0.0000
0.0000 0.0000 0.0000 0.0000 0.0000 0.0001 0.0014 0.0163 0.0915 0.2370 0.3255 0.2294 0.0790 0.0167 0.0027 0.0004 0.0000 0.0000 0.0000 0.0000 0.0000 0.0000 0.0000 0.0000 0.0000 0.0000 0.0000 0.0000 0.0000 0.0000 0.0000 0.0000 0.0000 0.0000 0.0000 0.0000
0.0000 0.0000 0.0000 0.0000 0.0000 0.0000 0.0001 0.0023 0.0201 0.0891 0.2294 0.3239 0.2229 0.0857 0.0217 0.0040 0.0006 0.0001 0.0000 0.0000 0.0000 0.0000 0.0000 0.0000 0.0000 0.0000 0.0000 0.0000 0.0000 0.0000 0.0000 0.0000 0.0000 0.0000 0.0000 0.0000
0.0000 0.0000 0.0000 0.0000 0.0000 0.0000 0.0000 0.0002 0.0026 0.0176 0.0790 0.2229 0.3173 0.2305 0.0975 0.0264 0.0052 0.0008 0.0001 0.0000 0.0000 0.0000 0.0000 0.0000 0.0000 0.0000 0.0000 0.0000 0.0000 0.0000 0.0000 0.0000 0.0000 0.0000 0.0000 0.0000
0.0000 0.0000 0.0000 0.0000 0.0000 0.0000 0.0000 0.0000 0.0003 0.0024 0.0167 0.0857 0.2305 0.3060 0.2255 0.0986 0.0281 0.0057 0.0006 0.0000 0.0000 0.0000 0.0000 0.0000 0.0000 0.0000 0.0000 0.0000 0.0000 0.0000 0.0000 0.0000 0.0000 0.0000 0.0000 0.0000
0.0000 0.0000 0.0000 0.0000 0.0000 0.0000 0.0000 0.0000 0.0000 0.0003 0.0027 0.0217 0.0975 0.2255 0.2950 0.2226 0.1011 0.0291 0.0042 0.0002 0.0000 0.0000 0.0000 0.0000 0.0000 0.0000 0.0000 0.0000 0.0000 0.0000 0.0000 0.0000 0.0000 0.0000 0.0000 0.0000
0.0000 0.0000 0.0000 0.0000 0.0000 0.0000 0.0000 0.0000 0.0000 0.0000 0.0004 0.0040 0.0264 0.0986 0.2226 0.2948 0.2271 0.1032 0.0213 0.0016 0.0001 0.0000 0.0000 0.0000 0.0000 0.0000 0.0000 0.0000 0.0000 0.0000 0.0000 0.0000 0.0000 0.0000 0.0000 0.0000
0.0000 0.0000 0.0000 0.0000 0.0000 0.0000 0.0000 0.0000 0.0000 0.0000 0.0000 0.0006 0.0052 0.0281 0.1011 0.2271 0.3075 0.2409 0.0800 0.0089 0.0006 0.0000 0.0000 0.0000 0.0000 0.0000 0.0000 0.0000 0.0000 0.0000 0.0000 0.0000 0.0000 0.0000 0.0000 0.0000
0.0000 0.0000 0.0000 0.0000 0.0000 0.0000 0.0000 0.0000 0.0000 0.0000 0.0000 0.0001 0.0008 0.0057 0.0291 0.1032 0.2409 0.3437 0.2217 0.0487 0.0056 0.0005 0.0001 0.0000 0.0000 0.0000 0.0000 0.0000 0.0000 0.0000 0.0000 0.0000 0.0000 0.0000 0.0000 0.0000
0.0000 0.0000 0.0000 0.0000 0.0000 0.0000 0.0000 0.0000 0.0000 0.0000 0.0000 0.0000 0.0001 0.0006 0.0042 0.0213 0.0800 0.2217 0.3743 0.2273 0.0588 0.0099 0.0015 0.0002 0.0000 0.0000 0.0000 0.0000 0.0000 0.0000 0.0000 0.0000 0.0000 0.0000 0.0000 0.0000
0.0000 0.0000 0.0000 0.0000 0.0000 0.0000 0.0000 0.0000 0.0000 0.0000 0.0000 0.0000 0.0000 0.0000 0.0002 0.0016 0.0089 0.0487 0.2273 0.3753 0.2332 0.0793 0.0199 0.0044 0.0009 0.0002 0.0001 0.0000 0.0000 0.0000 0.0000 0.0000 0.0000 0.0000 0.0000 0.0000
0.0000 0.0000 0.0000 0.0000 0.0000 0.0000 0.0000 0.0000 0.0000 0.0000 0.0000 0.0000 0.0000 0.0000 0.0000 0.0001 0.0006 0.0056 0.0588 0.2332 0.3309 0.2273 0.0990 0.0324 0.0089 0.0023 0.0006 0.0002 0.0001 0.0000 0.0000 0.0000 0.0000 0.0000 0.0000 0.0000
0.0000 0.0000 0.0000 0.0000 0.0000 0.0000 0.0000 0.0000 0.0000 0.0000 0.0000 0.0000 0.0000 0.0000 0.0000 0.0000 0.0000 0.0005 0.0099 0.0793 0.2273 0.2941 0.2183 0.1092 0.0415 0.0136 0.0042 0.0013 0.0004 0.0001 0.0001 0.0000 0.0000 0.0000 0.0000 0.0000
0.0000 0.0000 0.0000 0.0000 0.0000 0.0000 0.0000 0.0000 0.0000 0.0000 0.0000 0.0000 0.0000 0.0000 0.0000 0.0000 0.0000 0.0001 0.0015 0.0199 0.0990 0.2183 0.2662 0.2063 0.1123 0.0482 0.0182 0.0063 0.0022 0.0008 0.0003 0.0001 0.0001 0.0001 0.0001 0.0001
0.0000 0.0000 0.0000 0.0000 0.0000 0.0000 0.0000 0.0000 0.0000 0.0000 0.0000 0.0000 0.0000 0.0000 0.0000 0.0000 0.0000 0.0000 0.0002 0.0044 0.0324 0.1092 0.2063 0.2443 0.1950 0.1150 0.0551 0.0228 0.0086 0.0033 0.0014 0.0005 0.0003 0.0003 0.0003 0.0004
0.0000 0.0000 0.0000 0.0000 0.0000 0.0000 0.0000 0.0000 0.0000 0.0000 0.0000 0.0000 0.0000 0.0000 0.0000 0.0000 0.0000 0.0000 0.0000 0.0009 0.0089 0.0415 0.1123 0.1950 0.2268 0.1874 0.1182 0.0602 0.0263 0.0110 0.0050 0.0017 0.0011 0.0010 0.0011 0.0014
0.0000 0.0000 0.0000 0.0000 0.0000 0.0000 0.0000 0.0000 0.0000 0.0000 0.0000 0.0000 0.0000 0.0000 0.0000 0.0000 0.0000 0.0000 0.0000 0.0002 0.0023 0.0136 0.0482 0.1150 0.1874 0.2143 0.1803 0.1162 0.0607 0.0288 0.0142 0.0053 0.0034 0.0031 0.0032 0.0038
0.0000 0.0000 0.0000 0.0000 0.0000 0.0000 0.0000 0.0000 0.0000 0.0000 0.0000 0.0000 0.0000 0.0000 0.0000 0.0000 0.0000 0.0000 0.0000 0.0001 0.0006 0.0042 0.0182 0.0551 0.1182 0.1803 0.2013 0.1681 0.1091 0.0612 0.0340 0.0142 0.0093 0.0083 0.0084 0.0094
0.0000 0.0000 0.0000 0.0000 0.0000 0.0000 0.0000 0.0000 0.0000 0.0000 0.0000 0.0000 0.0000 0.0000 0.0000 0.0000 0.0000 0.0000 0.0000 0.0000 0.0002 0.0013 0.0063 0.0228 0.0602 0.1162 0.1681 0.1828 0.1518 0.1046 0.0679 0.0334 0.0231 0.0202 0.0199 0.0212
0.0000 0.0000 0.0000 0.0000 0.0000 0.0000 0.0000 0.0000 0.0000 0.0000 0.0000 0.0000 0.0000 0.0000 0.0000 0.0000 0.0000 0.0000 0.0000 0.0000 0.0001 0.0004 0.0022 0.0086 0.0263 0.0607 0.1091 0.1518 0.1616 0.1386 0.1067 0.0641 0.0474 0.0416 0.0402 0.0409
0.0000 0.0000 0.0000 0.0000 0.0000 0.0000 0.0000 0.0000 0.0000 0.0000 0.0000 0.0000 0.0000 0.0000 0.0000 0.0000 0.0000 0.0000 0.0000 0.0000 0.0000 0.0001 0.0008 0.0033 0.0110 0.0288 0.0612 0.1046 0.1386 0.1453 0.1317 0.0970 0.0775 0.0692 0.0660 0.0649
0.0000 0.0000 0.0000 0.0000 0.0000 0.0000 0.0000 0.0000 0.0000 0.0000 0.0000 0.0000 0.0000 0.0000 0.0000 0.0000 0.0000 0.0000 0.0000 0.0000 0.0000 0.0001 0.0003 0.0014 0.0050 0.0142 0.0340 0.0679 0.1067 0.1317 0.1372 0.1213 0.1051 0.0959 0.0912 0.0878
0.0000 0.0000 0.0000 0.0000 0.0000 0.0000 0.0000 0.0000 0.0000 0.0000 0.0000 0.0000 0.0000 0.0000 0.0000 0.0000 0.0000 0.0000 0.0000 0.0000 0.0000 0.0000 0.0001 0.0005 0.0017 0.0053 0.0142 0.0334 0.0641 0.0970 0.1213 0.1397 0.1385 0.1334 0.1285 0.1224
0.0000 0.0000 0.0000 0.0000 0.0000 0.0000 0.0000 0.0000 0.0000 0.0000 0.0000 0.0000 0.0000 0.0000 0.0000 0.0000 0.0000 0.0000 0.0000 0.0000 0.0000 0.0000 0.0001 0.0003 0.0011 0.0034 0.0093 0.0231 0.0474 0.0775 0.1051 0.1385 0.1497 0.1511 0.1490 0.1443
0.0000 0.0000 0.0000 0.0000 0.0000 0.0000 0.0000 0.0000 0.0000 0.0000 0.0000 0.0000 0.0000 0.0000 0.0000 0.0000 0.0000 0.0000 0.0000 0.0000 0.0000 0.0000 0.0001 0.0003 0.0010 0.0031 0.0083 0.0202 0.0416 0.0692 0.0959 0.1334 0.1511 0.1579 0.1595 0.1584
0.0000 0.0000 0.0000 0.0000 0.0000 0.0000 0.0000 0.0000 0.0000 0.0000 0.0000 0.0000 0.0000 0.0000 0.0000 0.0000 0.0000 0.0000 0.0000 0.0000 0.0000 0.0000 0.0001 0.0003 0.0011 0.0032 0.0084 0.0199 0.0402 0.0660 0.0912 0.1285 0.1490 0.1595 0.1647 0.1678
0.0000 0.0000 0.0000 0.0000 0.0000 0.0000 0.0000 0.0000 0.0000 0.0000 0.0000 0.0000 0.0000 0.0000 0.0000 0.0000 0.0000 0.0000 0.0000 0.0000 0.0000 0.0000 0.0001 0.0004 0.0014 0.0038 0.0094 0.0212 0.0409 0.0649 0.0878 0.1224 0.1443 0.1584 0.1678 0.1771
#DG from neighbouring lambda in kcal/mol
0.0000 0.0250 -5.9929 0.0133
0.0250 0.0500 -3.2091 0.0127
0.0500 0.0750 -1.4606 0.0113
0.0750 0.1000 -0.3391 0.0107
0.1000 0.1250 0.2976 0.0104
0.1250 0.1500 0.6923 0.0093
0.1500 0.1750 0.9068 0.0094
0.1750 0.2000 0.9373 0.0095
0.2000 0.2250 0.9363 0.0084
0.2250 0.2500 0.9792 0.0079
0.2500 0.2750 0.9186 0.0084
0.2750 0.3000 0.7589 0.0086
0.3000 0.3250 0.6744 0.0076
0.3250 0.3500 0.6422 0.0072
0.3500 0.3750 0.5951 0.0071
0.3750 0.4000 0.5303 0.0070
0.4000 0.4250 0.4410 0.0075
0.4250 0.4500 0.1468 0.0105
0.4500 0.4750 -0.3370 0.0113
0.4750 0.5000 -0.5414 0.0096
0.5000 0.5250 -0.4873 0.0078
0.5250 0.5500 -0.3085 0.0065
0.5500 0.5750 -0.1274 0.0058
0.5750 0.6000 0.0132 0.0052
0.6000 0.6250 0.1206 0.0047
0.6250 0.6500 0.1979 0.0042
0.6500 0.6750 0.2322 0.0040
0.6750 0.7000 0.2343 0.0037
0.7000 0.7250 0.2467 0.0031
0.7250 0.7500 0.2924 0.0023
0.7500 0.8000 0.7689 0.0028
0.8000 0.8500 0.9059 0.0015
0.8500 0.9000 0.8815 0.0009
0.9000 0.9500 0.7847 0.0007
0.9500 1.0000 0.9988 0.0009
#PMF from MBAR in kcal/mol
0.0000 0.0000 0.0000
0.0250 -5.9929 0.0133
0.0500 -9.2020 0.0221
0.0750 -10.6627 0.0277
0.1000 -11.0018 0.0319
0.1250 -10.7041 0.0355
0.1500 -10.0118 0.0383
0.1750 -9.1050 0.0409
0.2000 -8.1677 0.0434
0.2250 -7.2314 0.0455
0.2500 -6.2522 0.0472
0.2750 -5.3336 0.0489
0.3000 -4.5747 0.0508
0.3250 -3.9003 0.0523
0.3500 -3.2581 0.0537
0.3750 -2.6630 0.0549
0.4000 -2.1327 0.0561
0.4250 -1.6917 0.0574
0.4500 -1.5449 0.0592
0.4750 -1.8819 0.0615
0.5000 -2.4233 0.0633
0.5250 -2.9107 0.0646
0.5500 -3.2191 0.0656
0.5750 -3.3465 0.0664
0.6000 -3.3333 0.0671
0.6250 -3.2127 0.0677
0.6500 -3.0148 0.0682
0.6750 -2.7826 0.0686
0.7000 -2.5482 0.0690
0.7250 -2.3016 0.0694
0.7500 -2.0091 0.0696
0.8000 -1.2402 0.0698
0.8500 -0.3343 0.0699
0.9000 0.5472 0.0700
0.9500 1.3319 0.0700
1.0000 2.3308 0.0700
#TI average gradients and standard deviation in kcal/mol
0.0000 -339.1653 51.5746
0.0250 -173.5650 56.3974
0.0500 -78.2264 31.6068
0.0750 -13.6204 28.4083
0.1000 -3.7127 39.3304
0.1250 22.5666 20.5048
0.1500 45.2609 24.0379
0.1750 36.1123 48.4776
0.2000 30.0621 26.0849
0.2250 41.4083 19.8005
0.2500 36.1654 25.4874
0.2750 34.4633 24.1836
0.3000 26.6744 19.5884
0.3250 27.2083 29.2275
0.3500 8.4752 19.1273
0.3750 22.9261 22.2010
0.4000 22.1883 16.6999
0.4250 6.6250 22.9114
0.4500 1.1403 34.5713
0.4750 -16.5823 27.2088
0.5000 -28.1548 26.4594
0.5250 -14.3948 28.6777
0.5500 -12.9921 19.4990
0.5750 -3.4097 18.3792
0.6000 -0.7815 15.4645
0.6250 6.1900 17.5221
0.6500 9.2765 12.4868
0.6750 13.7253 15.7938
0.7000 14.1483 9.7927
0.7250 7.0744 13.6666
0.7500 2.3635 11.5792
0.8000 17.4516 4.4442
0.8500 19.2708 2.7689
0.9000 17.0075 1.9609
0.9500 14.9741 2.2988
1.0000 109.3967 11.7423
#PMF from TI in kcal/mol
0.0000 0.0000
0.0250 -6.4091
0.0500 -9.5565
0.0750 -10.7046
0.1000 -10.9213
0.1250 -10.6856
0.1500 -9.8378
0.1750 -8.8206
0.2000 -7.9934
0.2250 -7.1000
0.2500 -6.1304
0.2750 -5.2475
0.3000 -4.4833
0.3250 -3.8097
0.3500 -3.3637
0.3750 -2.9712
0.4000 -2.4073
0.4250 -2.0471
0.4500 -1.9500
0.4750 -2.1430
0.5000 -2.7023
0.5250 -3.2341
0.5500 -3.5765
0.5750 -3.7815
0.6000 -3.8339
0.6250 -3.7663
0.6500 -3.5729
0.6750 -3.2854
0.7000 -2.9370
0.7250 -2.6717
0.7500 -2.5537
0.8000 -2.0584
0.8500 -1.1403
0.9000 -0.2333
0.9500 0.5662
1.0000 3.6755
#MBAR free energy difference in kcal/mol: 
2.330762, 0.070006 
#TI free energy difference in kcal/mol: 
3.675460  #WARNING SUBSAMPLING GRADIENTS RESULTED IN LESS THAN 50 SAMPLES, CONSIDER RERUN WITHOUT SUBSAMPLE OPTION 
