# Analysing data contained in file(s) ['example_output/bound/run001/discharge/output/lambda_0.000/simfile.dat', 'example_output/bound/run001/discharge/output/lambda_0.143/simfile.dat', 'example_output/bound/run001/discharge/output/lambda_0.286/simfile.dat', 'example_output/bound/run001/discharge/output/lambda_0.429/simfile.dat', 'example_output/bound/run001/discharge/output/lambda_0.571/simfile.dat', 'example_output/bound/run001/discharge/output/lambda_0.714/simfile.dat', 'example_output/bound/run001/discharge/output/lambda_0.857/simfile.dat', 'example_output/bound/run001/discharge/output/lambda_1.000/simfile.dat']
#Overlap matrix
0.5852 0.2915 0.0961 0.0227 0.0040 0.0005 0.0000 0.0000
0.2915 0.3380 0.2313 0.1013 0.0307 0.0063 0.0008 0.0001
0.0961 0.2313 0.2947 0.2227 0.1109 0.0365 0.0071 0.0007
0.0227 0.1013 0.2227 0.2778 0.2213 0.1143 0.0347 0.0053
0.0040 0.0307 0.1109 0.2213 0.2760 0.2228 0.1075 0.0268
0.0005 0.0063 0.0365 0.1143 0.2228 0.2875 0.2302 0.1020
0.0000 0.0008 0.0071 0.0347 0.1075 0.2302 0.3288 0.2908
0.0000 0.0001 0.0007 0.0053 0.0268 0.1020 0.2908 0.5743
#DG from neighbouring lambda in kcal/mol
0.0000 0.1430 2.3618 0.0112
0.1430 0.2860 2.0050 0.0095
0.2860 0.4290 1.7601 0.0083
0.4290 0.5710 1.5992 0.0077
0.5710 0.7140 1.4742 0.0079
0.7140 0.8570 1.2834 0.0089
0.8570 1.0000 0.9880 0.0108
#PMF from MBAR in kcal/mol
0.0000 0.0000 0.0000
0.1430 2.3618 0.0112
0.2860 4.3668 0.0186
0.4290 6.1270 0.0235
0.5710 7.7261 0.0271
0.7140 9.2003 0.0303
0.8570 10.4837 0.0336
1.0000 11.4717 0.0374
#TI average gradients and standard deviation in kcal/mol
0.0000 20.6904 4.4742
0.1430 14.6506 4.9141
0.2860 12.7235 3.7270
0.4290 10.5277 4.0969
0.5710 10.3180 3.8087
0.7140 10.1686 4.1603
0.8570 7.9445 4.5524
1.0000 5.9021 4.2144
#PMF from TI in kcal/mol
0.0000 0.0000
0.1430 2.5269
0.2860 4.4841
0.4290 6.1466
0.5710 7.6266
0.7140 9.0914
0.8570 10.3865
1.0000 11.3765
#MBAR free energy difference in kcal/mol: 
11.471733, 0.037433 
#TI free energy difference in kcal/mol: 
11.376547  
